.Random.seed <-
c(403L, 10L, -8295660L, -1332053574L, 1792184325L, 2025883103L, 
2059655270L, 607692784L, 1953984787L, 828681905L, 1198836064L, 
-2011390210L, -893830519L, -1647864389L, -1814974582L, -649161108L, 
61630447L, -2119688155L, 367276252L, 1860179634L, 44177837L, 
-243028633L, -534685042L, 277693288L, -429302933L, 1116128521L, 
1902738328L, 550042310L, 1539792929L, 1962812595L, -1627859422L, 
1518872596L, 1148554391L, -1625823603L, 1979729828L, -179996278L, 
179471861L, -791775153L, 816623446L, 1542686208L, 1669093187L, 
-1104015647L, -1853830064L, 1563841710L, -566063015L, 993529963L, 
-1896847910L, 808783516L, -603627361L, 423852789L, -167098484L, 
1241826914L, 1611520573L, -1283898185L, -1600586914L, 1302142616L, 
-1421959685L, -953385063L, -2059831256L, -1673617194L, -2114788015L, 
-838822909L, -584901742L, -1924941532L, -605945881L, -709893059L, 
-411569484L, 187105562L, 643379813L, 24401663L, 164121478L, 224857360L, 
917333427L, -19212719L, -1724410368L, 48771806L, 1130209577L, 
-1749824293L, -1328923670L, 1769114508L, -1134113585L, -1375636347L, 
17743676L, 1779449362L, -1965023987L, -2104564153L, -2057135058L, 
-1965342328L, -827172725L, 1462596201L, -140120520L, 450799334L, 
47088257L, 1564126739L, 933632450L, 765219444L, -2052819849L, 
-2131845779L, -696942076L, 1382736170L, -948480363L, 546766127L, 
-1162704842L, -1386046368L, 989844131L, 1221412289L, 2045563312L, 
1341362382L, 2057195065L, 493826123L, 144245242L, 165756156L, 
1774555455L, -336384491L, 610430252L, 174398978L, -763493155L, 
-666034217L, -998360386L, -2001224456L, 170402523L, 193599801L, 
-1958552440L, 2104781878L, -1749911439L, -1600845149L, -1331214L, 
-1000094908L, -883356665L, -1737627171L, -560982316L, -822511110L, 
1838028101L, 1174946207L, 1361486630L, -843891792L, -851679149L, 
846357361L, -1707167072L, -630299074L, 913935689L, 996643835L, 
-1859479606L, -1185461972L, -817937105L, -1707881499L, -401812836L, 
1774851826L, 717260653L, 1655951527L, 1969894094L, -1179746264L, 
-2064778197L, 1057001033L, 689383256L, 1655501318L, -1456858143L, 
-1710917261L, -1676412446L, 1654979924L, -1517177769L, 1759836237L, 
-431211548L, 1385036234L, -1582776267L, -1909416305L, -100126826L, 
908456768L, 1096187395L, -759208927L, -219805936L, -652182290L, 
1350608025L, 1705718059L, 692619290L, -1329593636L, 70410975L, 
1544953013L, -1775388084L, -1799944542L, 212053501L, 698189559L, 
1360662558L, -698809640L, -2094373317L, -1621748775L, -1559944856L, 
1719761046L, 470480401L, 1519701955L, -1422666798L, -175223196L, 
-1318617689L, 691909373L, -124565772L, 1184338394L, -1065257691L, 
522966079L, -1215618106L, 1946366032L, -258786189L, -84504431L, 
-1572114240L, -1821967714L, -126626199L, 1885546139L, 1499712426L, 
-802590772L, -698817905L, -1332016443L, 1338155644L, -426610990L, 
132950605L, 1425581831L, 2068490990L, 1164722120L, 1450066123L, 
1900437801L, 202013048L, -1609085274L, 38828225L, -1995042477L, 
1996471810L, 1814914868L, -1322662729L, 126694573L, -1142468156L, 
745583082L, 1943645781L, 1848691920L, -1981472964L, -1704605804L, 
1819882370L, -560092736L, 603799100L, -1230486128L, 818847266L, 
-1271978744L, -181236084L, 1989902108L, -85843822L, 844577152L, 
-1309809132L, -760479960L, -1595082182L, -239485488L, 1104783724L, 
-1536146508L, -1702676462L, 900363744L, 1152985036L, 1154810080L, 
1773074466L, -1088495320L, 279240204L, -1416730820L, 1665770482L, 
283572976L, 631049796L, -1605598632L, -627347654L, -248027664L, 
-257845572L, -1810532076L, -1967930686L, -1173318560L, 627827580L, 
-120031280L, -906108638L, 955947688L, 1525652364L, 1868282044L, 
674516786L, 383781440L, 1941167284L, 952599112L, 175498682L, 
1730241040L, 575845100L, -592322220L, -1692671726L, 1184714144L, 
1631716044L, 760995424L, -1266239550L, 1216071464L, -1916653652L, 
318260028L, -1148901006L, 537123632L, -1076474588L, 294726456L, 
-1915519270L, 888375184L, 1441058556L, -1693209708L, 1328840770L, 
-615484160L, 1697711164L, -617791152L, -1409773406L, 1899954504L, 
609343244L, -2096127268L, -1940460206L, 863650944L, 1899135060L, 
315953128L, -1208579846L, -2015319216L, 215138092L, 946276724L, 
-796447854L, 591956064L, -1083052660L, 131144544L, 1137875426L, 
1440609192L, 629798092L, -511385604L, 1719051698L, -894183952L, 
176081860L, 1465894232L, -364062342L, 1778484144L, 1495460284L, 
1741396052L, 1050277826L, 1128067104L, -2121787204L, -2037321136L, 
245396450L, -944553880L, 25805900L, -2125154052L, 1683278834L, 
-1927788288L, 1574576500L, -510415864L, -1473781830L, -1374637616L, 
1993145324L, 299794836L, -2125524526L, 840364384L, -650858676L, 
-1836418784L, 1702477698L, 218459880L, 1700528364L, 477819964L, 
-486311054L, 334683760L, -486222812L, 1934371640L, -987468646L, 
863236816L, -1503338308L, -1799033196L, 1006376578L, -736286528L, 
-1477254340L, 1399938192L, 739171874L, 2145767432L, -743867124L, 
-478843748L, 1408990738L, 1670020992L, -1548530156L, 840460840L, 
-550849222L, 784239056L, 2079503468L, -370013900L, 384087698L, 
-1409283232L, -1594174644L, 2042861536L, 944863138L, -262240344L, 
817311116L, 2048174268L, -1258976910L, 1178236144L, 1294700612L, 
2012029272L, 1599776314L, 1408252784L, 2071820348L, 914882324L, 
-372496958L, 1966176992L, 40761212L, -767508784L, -995903326L, 
1664912424L, -529775348L, -1286289476L, 1211681074L, -1955608128L, 
-177812940L, -1701807160L, 604485818L, 547432848L, -248663572L, 
-1171611052L, 143151250L, -1193906400L, -900503092L, 2096698848L, 
-1766787390L, 917455912L, 1583141548L, -1335753540L, 963856882L, 
979145008L, -1052126044L, 1763534520L, 1316060506L, 254752144L, 
519787388L, 1311344916L, 1126163266L, 446520064L, 552220604L, 
846585680L, -1225850078L, 736992584L, -2133636596L, 1383901276L, 
1640905938L, -866665984L, -205124268L, 1578891752L, -309171206L, 
-847773488L, -328315604L, -480337164L, 917633426L, -1352575904L, 
469591308L, -1180478752L, 959973730L, -170747224L, -837909940L, 
-576573060L, -972020430L, -487141264L, 1297532740L, 1605656024L, 
2026761338L, 1747480112L, 1062136508L, -2076598444L, 1318455165L, 
2037927274L, -1770707960L, -1648317263L, -610055389L, -47073244L, 
-1828242734L, -7901401L, -799313551L, 1104213942L, 229813076L, 
2003056101L, 1746636783L, 63303464L, -31254650L, 2143642547L, 
-1320926443L, -389341838L, -1079680576L, 2104226345L, 1330575003L, 
-1701568660L, 1839810426L, -10198865L, -574219335L, -291017266L, 
-1114040036L, -1709798259L, 671121655L, -1034114048L, -270676386L, 
665841963L, -1336470995L, 1369051802L, -608244136L, 165179841L, 
-699900301L, -217277548L, -381824478L, 883981623L, 1133460481L, 
-1095687930L, 697935172L, -741119883L, 717728223L, -132680392L, 
1923778326L, -1265875165L, 723440869L, -1189154558L, -1737481360L, 
708516633L, 947419915L, -810235908L, 367707178L, 335530079L, 
529539049L, 1851113726L, 1006596332L, 1320916029L, 327837703L, 
273396720L, 1224785806L, 1896652219L, 1688124317L, -1551974070L, 
-1867085464L, -1899757743L, -916243389L, -1959484092L, -903256590L, 
1212133319L, 1124209041L, -1731992298L, -81027724L, 515169285L, 
127691855L, -1660288952L, 1744926182L, 1318603539L, -1627771787L, 
-1348856238L, 2015637664L, 269912457L, 990120379L, 2144224780L, 
951410586L, -2061514993L, 957824345L, -2057586706L, -2026758532L, 
-153983251L, -20622953L, -545375648L, 406122558L, 1286707467L, 
265853837L, -1384458054L, 1176641272L, -317533023L, 782667859L, 
1668856692L, -148502270L, -1036736105L, -1377447071L, -950712410L, 
-1209499228L, -1582884779L, -775156481L, -413429352L, -931599690L, 
2073174851L, -1400185211L, -211602654L, 2056980496L, 543781817L, 
49321067L, 1083664220L, -439632246L, -1576301953L, 721728457L, 
-661819298L, 1307104012L, 1597840093L, 889861095L, 1022461968L, 
1476789550L, 16308699L, 1824784061L, 576990250L, -23057208L, 
-266409487L, -817420445L, 2004262756L, 198932114L, -77474969L, 
883686705L, 968808054L, -1132238956L, -1418857563L, 297239727L, 
1713994088L, 734331206L, 638818547L, 125167189L, -1628632526L, 
-1320765440L, -1458991895L, -1266750629L, 1455812012L, 1446393274L, 
